5.592714309692382812e+00
1.624575018882751465e+00
1.152974963188171387e+00
8.964416980743408203e-01
7.301924228668212891e-01
7.879362702369689941e-01
6.653214097023010254e-01
6.681504845619201660e-01
6.913684010505676270e-01
6.559866666793823242e-01
6.332009434700012207e-01
5.828793644905090332e-01
5.092718601226806641e-01
5.580445528030395508e-01
5.196394324302673340e-01
5.183803439140319824e-01
4.518434107303619385e-01
4.447830021381378174e-01
4.600552618503570557e-01
4.195695519447326660e-01
4.086107611656188965e-01
3.670085668563842773e-01
3.828965723514556885e-01
3.626213073730468750e-01
3.958092033863067627e-01
3.787004649639129639e-01
3.622336387634277344e-01
3.396448194980621338e-01
3.529274165630340576e-01
3.197547793388366699e-01
2.962956130504608154e-01
3.611532747745513916e-01
3.531095981597900391e-01
2.908231317996978760e-01
3.200758397579193115e-01
3.057471811771392822e-01
3.123201727867126465e-01
2.932777106761932373e-01
2.366746962070465088e-01
3.038786053657531738e-01
2.829355597496032715e-01
2.743684947490692139e-01
2.891932725906372070e-01
2.341292351484298706e-01
2.645922303199768066e-01
2.182619124650955200e-01
2.191515117883682251e-01
2.057542204856872559e-01
2.383167892694473267e-01
2.714596688747406006e-01
2.140689790248870850e-01
1.835999935865402222e-01
1.979158371686935425e-01
2.404097765684127808e-01
2.955446243286132812e-01
2.577546536922454834e-01
2.027331143617630005e-01
2.140536159276962280e-01
1.847112327814102173e-01
1.996161490678787231e-01
2.077509313821792603e-01
2.359645962715148926e-01
2.685264348983764648e-01
2.173441499471664429e-01
1.984281092882156372e-01
2.125090211629867554e-01
1.573332995176315308e-01
1.699502766132354736e-01
1.519873440265655518e-01
1.803691238164901733e-01
1.321579515933990479e-01
1.526724994182586670e-01
1.111286357045173645e-01
1.762778311967849731e-01
3.141914904117584229e-01
2.444079220294952393e-01
2.485361993312835693e-01
2.257052659988403320e-01
2.285622805356979370e-01
1.866380870342254639e-01
1.643938720226287842e-01
1.496673077344894409e-01
1.132268831133842468e-01
1.387480944395065308e-01
1.433174759149551392e-01
1.588153541088104248e-01
1.495676487684249878e-01
1.573920994997024536e-01
1.159389913082122803e-01
1.166896969079971313e-01
1.507819592952728271e-01
1.290873140096664429e-01
1.609410941600799561e-01
1.295028179883956909e-01
1.226458325982093811e-01
1.141364499926567078e-01
1.147732064127922058e-01
1.249079108238220215e-01
1.647410094738006592e-01
2.168046385049819946e-01
2.001217901706695557e-01
1.472491025924682617e-01
1.382680088281631470e-01
1.335633248090744019e-01
1.297321617603302002e-01
1.122629567980766296e-01
9.776151925325393677e-02
1.063514947891235352e-01
1.164144128561019897e-01
8.942937105894088745e-02
7.601295411586761475e-02
9.507936984300613403e-02
8.929914236068725586e-02
1.114967912435531616e-01
7.661565393209457397e-02
9.669467806816101074e-02
1.137435808777809143e-01
1.668388694524765015e-01
9.614650160074234009e-02
9.252507239580154419e-02
1.015432775020599365e-01
9.230769425630569458e-02
5.884746089577674866e-02
7.817578315734863281e-02
9.121156483888626099e-02
6.632943451404571533e-02
9.610647708177566528e-02
6.692762672901153564e-02
7.584451138973236084e-02
8.981332182884216309e-02
7.846748083829879761e-02
7.995365560054779053e-02
9.685926139354705811e-02
9.917777031660079956e-02
1.232134476304054260e-01
1.522773951292037964e-01
1.229091510176658630e-01
1.096732318401336670e-01
1.074791625142097473e-01
9.679127484560012817e-02
1.302715539932250977e-01
9.122751653194427490e-02
9.632430970668792725e-02
7.619277387857437134e-02
1.108911782503128052e-01
9.068663418292999268e-02
8.145593851804733276e-02
5.896181985735893250e-02
8.629687875509262085e-02
6.581378728151321411e-02
9.666103124618530273e-02
9.874191880226135254e-02
9.554959833621978760e-02
5.759344249963760376e-02
6.087050586938858032e-02
6.183072179555892944e-02
9.089269489049911499e-02
1.103070452809333801e-01
1.077692806720733643e-01
1.062579751014709473e-01
5.479955673217773438e-02
6.035941094160079956e-02
6.134089455008506775e-02
6.547269225120544434e-02
7.079991698265075684e-02
8.825249969959259033e-02
1.096596494317054749e-01
6.039738282561302185e-02
4.603589326143264771e-02
4.499131068587303162e-02
4.744673520326614380e-02
5.583265423774719238e-02
5.703163146972656250e-02
5.652597546577453613e-02
7.014069706201553345e-02
7.799700647592544556e-02
6.316539645195007324e-02
6.711315363645553589e-02
5.154716968536376953e-02
7.481367886066436768e-02
1.226777508854866028e-01
1.083612889051437378e-01
9.943234920501708984e-02
6.898967176675796509e-02
7.266344875097274780e-02
4.094683378934860229e-02
4.736543446779251099e-02
6.403261423110961914e-02
8.027483522891998291e-02
6.297256052494049072e-02
6.969639658927917480e-02
7.344172149896621704e-02
4.701124131679534912e-02
4.660057649016380310e-02
7.493946701288223267e-02
6.503438949584960938e-02
3.905444219708442688e-02
4.760587587952613831e-02
9.087160229682922363e-02
9.130264073610305786e-02
6.241627410054206848e-02
6.909171491861343384e-02
4.957334324717521667e-02
4.600620269775390625e-02
4.029266536235809326e-02
4.589653015136718750e-02
9.067123383283615112e-02
5.700071528553962708e-02
7.912177592515945435e-02
6.084414944052696228e-02
5.053342506289482117e-02
2.802204713225364685e-02
2.152172848582267761e-02
4.914151132106781006e-02
5.540625005960464478e-02
1.185019165277481079e-01
1.187131255865097046e-01
7.867155224084854126e-02
8.780939131975173950e-02
8.080049604177474976e-02
7.527314871549606323e-02
4.331475123763084412e-02
3.751248866319656372e-02
2.518898807466030121e-02
3.653430193662643433e-02
3.033120557665824890e-02
1.845281571149826050e-02
3.652748838067054749e-02
5.873828753829002380e-02
6.377622485160827637e-02
5.902262404561042786e-02
5.385296791791915894e-02
4.811292141675949097e-02
4.513639584183692932e-02
3.401272371411323547e-02
4.188355430960655212e-02
6.574860215187072754e-02
4.319658502936363220e-02
4.309262707829475403e-02
3.205286338925361633e-02
3.064348921179771423e-02
6.735500693321228027e-02
5.605943128466606140e-02
5.565465241670608521e-02
7.633088529109954834e-02
9.210240095853805542e-02
7.449386268854141235e-02
3.069226630032062531e-02
4.096513986587524414e-02
3.328641131520271301e-02
4.988859221339225769e-02
3.685620799660682678e-02
4.042509570717811584e-02
4.451415687799453735e-02
5.549782514572143555e-02
2.847573161125183105e-02
2.342207543551921844e-02
3.384098783135414124e-02
4.297389835119247437e-02
3.860925137996673584e-02
3.495713695883750916e-02
4.680056124925613403e-02
4.746880382299423218e-02
6.512120366096496582e-02
5.058784782886505127e-02
5.940638482570648193e-02
6.606683135032653809e-02
5.957252904772758484e-02
4.344635456800460815e-02
2.117108926177024841e-02
3.785642236471176147e-02
3.743063658475875854e-02
4.220823571085929871e-02
4.533341526985168457e-02
4.262244328856468201e-02
3.154720366001129150e-02
3.131037577986717224e-02
3.476738184690475464e-02
4.694199934601783752e-02
2.827009186148643494e-02
5.550155788660049438e-02
7.347567379474639893e-02
8.223553746938705444e-02
5.184378474950790405e-02
5.132897943258285522e-02
4.551771655678749084e-02
4.603243619203567505e-02
7.558713108301162720e-02
6.273947656154632568e-02
4.348104447126388550e-02
5.182370170950889587e-02
3.607849776744842529e-02
3.936011716723442078e-02
4.884790256619453430e-02
3.033353574573993683e-02
4.623029008507728577e-02
4.603264480829238892e-02
4.746452346444129944e-02
4.505819082260131836e-02
3.719003126025199890e-02
4.220627993345260620e-02
2.794671989977359772e-02
3.470541536808013916e-02
9.609179198741912842e-02
6.863640248775482178e-02
8.337753266096115112e-02
8.002480864524841309e-02
7.200242578983306885e-02
6.470616906881332397e-02
4.685327038168907166e-02
2.699085697531700134e-02
5.390408262610435486e-02
2.664330974221229553e-02
4.187119752168655396e-02
6.100590899586677551e-02
6.283133476972579956e-02
6.660187989473342896e-02
6.143051013350486755e-02
2.789757214486598969e-02
3.863393887877464294e-02
5.009347572922706604e-02
1.787197776138782501e-02
4.225245863199234009e-02
3.433601185679435730e-02
2.959125861525535583e-02
4.056064039468765259e-02
7.425861805677413940e-02
8.320380747318267822e-02
5.002402514219284058e-02
4.996813461184501648e-02
3.422649949789047241e-02
4.062650725245475769e-02
3.900440782308578491e-02
3.990478813648223877e-02
3.869199752807617188e-02
2.800008282065391541e-02
2.144696377217769623e-02
2.040670812129974365e-02
2.457206137478351593e-02
1.656772196292877197e-02
2.514306642115116119e-02
2.148284204304218292e-02
1.747140660881996155e-02
9.297980926930904388e-03
2.633226104080677032e-02
3.567845001816749573e-02
4.113899171352386475e-02
3.883097320795059204e-02
2.147470228374004364e-02
4.545610770583152771e-02
4.947462305426597595e-02
4.975523799657821655e-02
5.568346753716468811e-02
3.316651284694671631e-02
3.126594424247741699e-02
2.152021601796150208e-02
4.222338274121284485e-02
3.902466967701911926e-02
3.121560998260974884e-02
9.494624286890029907e-02
9.641270339488983154e-02
1.101523786783218384e-01
5.088810250163078308e-02
4.964146763086318970e-02
4.957010969519615173e-02
3.743137419223785400e-02
3.586780652403831482e-02
3.281382471323013306e-02
4.927387461066246033e-02
2.905397303402423859e-02
3.826738521456718445e-02
3.892491757869720459e-02
4.280314221978187561e-02
2.933414094150066376e-02
2.853730320930480957e-02
2.092088200151920319e-02
2.394440770149230957e-02
3.563487902283668518e-02
2.999205514788627625e-02
2.493680082261562347e-02
3.895524144172668457e-02
2.480534277856349945e-02
1.826856657862663269e-02
2.309468761086463928e-02
2.577191404998302460e-02
2.077348344027996063e-02
3.101675957441329956e-02
2.879065275192260742e-02
2.207066118717193604e-02
2.328279614448547363e-02
3.657125681638717651e-02
2.170746773481369019e-02
1.678049936890602112e-02
1.966571435332298279e-02
2.887727506458759308e-02
2.857693657279014587e-02
3.117962926626205444e-02
9.128807485103607178e-02
3.264247626066207886e-02
2.986371330916881561e-02
1.531176455318927765e-02
2.874700538814067841e-02
4.249617457389831543e-02
3.215747699141502380e-02
4.330017790198326111e-02
2.298436872661113739e-02
2.199490182101726532e-02
9.584600105881690979e-03
3.595232963562011719e-02
3.628471121191978455e-02
3.972302377223968506e-02
4.968716949224472046e-02
4.406729713082313538e-02
2.015795372426509857e-02
2.298707887530326843e-02
2.302312664687633514e-02
1.417884137481451035e-02
2.768466062843799591e-02
2.917557209730148315e-02
2.465303055942058563e-02
1.973188668489456177e-02
2.589507214725017548e-02
5.324107781052589417e-02
4.627154394984245300e-02
4.695318639278411865e-02
4.968649148941040039e-02
1.420300751924514771e-01
8.863799273967742920e-02
6.070940941572189331e-02
7.370518893003463745e-02
7.057559490203857422e-02
4.571273922920227051e-02
4.199205338954925537e-02
3.044907189905643463e-02
2.774438634514808655e-02
5.448183044791221619e-02
4.905142635107040405e-02
3.015120700001716614e-02
2.581432834267616272e-02
2.968517504632472992e-02
4.919166862964630127e-02
1.828639023005962372e-02
2.364863455295562744e-02
1.488953549414873123e-02
1.336369570344686508e-02
1.214813627302646637e-02
2.684574201703071594e-02
2.060366049408912659e-02
2.731296978890895844e-02
2.291059866547584534e-02
2.764591760933399200e-02
5.526831839233636856e-03
2.582550048828125000e-02
1.804392412304878235e-02
1.444126944988965988e-02
3.888693079352378845e-02
4.135584086179733276e-02
1.757197827100753784e-02
2.176086977124214172e-02
8.687169291079044342e-03
1.123314909636974335e-02
1.336878817528486252e-02
4.590591788291931152e-02
6.425528228282928467e-02
8.332850784063339233e-02
6.909374147653579712e-02
4.246789589524269104e-02
3.036407567560672760e-02
2.157529257237911224e-02
3.596243634819984436e-02
1.328848022967576981e-02
1.934685185551643372e-02
2.293794788420200348e-02
2.966649644076824188e-02
4.420634359121322632e-02
4.790131002664566040e-02
2.786537632346153259e-02
2.950650826096534729e-02
5.168377235531806946e-02
3.614304214715957642e-02
3.665725886821746826e-02
3.226080164313316345e-02
2.714293636381626129e-02
2.479800209403038025e-02
1.671306975185871124e-02
6.384784821420907974e-03
5.137761589139699936e-03
6.184206809848546982e-03
6.003872957080602646e-03
8.476218208670616150e-03
4.055622965097427368e-03
2.173531614243984222e-02
1.284350920468568802e-02
3.666760399937629700e-02
5.473779886960983276e-02
3.727931156754493713e-02
1.847567223012447357e-02
3.630809485912322998e-02
1.862804777920246124e-02
2.235428616404533386e-02
