3.520642220973968506e-01
4.678899049758911133e-01
5.183486342430114746e-01
6.250000000000000000e-01
7.201834917068481445e-01
7.121559381484985352e-01
7.511467933654785156e-01
7.454128265380859375e-01
7.282109856605529785e-01
7.626146674156188965e-01
7.591742873191833496e-01
7.763761281967163086e-01
8.061926364898681641e-01
7.866972684860229492e-01
8.176605701446533203e-01
8.176605701446533203e-01
8.325688242912292480e-01
8.383027315139770508e-01
8.348624110221862793e-01
8.463302850723266602e-01
8.440366983413696289e-01
8.612385392189025879e-01
8.681192398071289062e-01
8.646789193153381348e-01
8.509174585342407227e-01
8.612385392189025879e-01
8.566513657569885254e-01
8.635321259498596191e-01
8.646789193153381348e-01
8.795871734619140625e-01
8.887614607810974121e-01
8.669725060462951660e-01
8.704128265380859375e-01
8.956422209739685059e-01
8.784403800964355469e-01
8.818807601928710938e-01
8.841742873191833496e-01
8.956422209739685059e-01
9.071100950241088867e-01
8.944954276084899902e-01
8.979358077049255371e-01
8.876146674156188965e-01
8.990825414657592773e-01
9.105504751205444336e-01
8.887614607810974121e-01
9.151375889778137207e-01
9.105504751205444336e-01
9.162843823432922363e-01
9.094036817550659180e-01
8.922018408775329590e-01
9.174311757087707520e-01
9.311926364898681641e-01
9.220183491706848145e-01
9.094036817550659180e-01
8.876146674156188965e-01
8.922018408775329590e-01
9.266055226325988770e-01
9.231651425361633301e-01
9.254587292671203613e-01
9.438073635101318359e-01
9.243119359016418457e-01
9.151375889778137207e-01
9.048165082931518555e-01
9.128440618515014648e-01
9.254587292671203613e-01
9.162843823432922363e-01
9.392201900482177734e-01
9.357798099517822266e-01
9.334862232208251953e-01
9.357798099517822266e-01
9.495412707328796387e-01
9.449541568756103516e-01
9.529816508293151855e-01
9.415137767791748047e-01
9.082568883895874023e-01
9.094036817550659180e-01
9.220183491706848145e-01
9.139908552169799805e-01
9.128440618515014648e-01
9.323394298553466797e-01
9.323394298553466797e-01
9.392201900482177734e-01
9.598624110221862793e-01
9.518348574638366699e-01
9.495412707328796387e-01
9.438073635101318359e-01
9.564220309257507324e-01
9.380733966827392578e-01
9.564220309257507324e-01
9.610091447830200195e-01
9.483944773674011230e-01
9.518348574638366699e-01
9.415137767791748047e-01
9.461008906364440918e-01
9.483944773674011230e-01
9.518348574638366699e-01
9.564220309257507324e-01
9.495412707328796387e-01
9.323394298553466797e-01
9.208715558052062988e-01
9.403669834136962891e-01
9.415137767791748047e-01
9.415137767791748047e-01
9.518348574638366699e-01
9.575688242912292480e-01
9.655963182449340820e-01
9.644495248794555664e-01
9.621559381484985352e-01
9.506880640983581543e-01
9.701834917068481445e-01
9.701834917068481445e-01
9.644495248794555664e-01
9.655963182449340820e-01
9.621559381484985352e-01
9.690366983413696289e-01
9.667431116104125977e-01
9.655963182449340820e-01
9.231651425361633301e-01
9.655963182449340820e-01
9.633027315139770508e-01
9.621559381484985352e-01
9.575688242912292480e-01
9.747706651687622070e-01
9.724770784378051758e-01
9.713302850723266602e-01
9.736238718032836914e-01
9.621559381484985352e-01
9.713302850723266602e-01
9.759174585342407227e-01
9.644495248794555664e-01
9.690366983413696289e-01
9.610091447830200195e-01
9.552752375602722168e-01
9.621559381484985352e-01
9.598624110221862793e-01
9.472476840019226074e-01
9.552752375602722168e-01
9.621559381484985352e-01
9.621559381484985352e-01
9.575688242912292480e-01
9.541284441947937012e-01
9.690366983413696289e-01
9.621559381484985352e-01
9.690366983413696289e-01
9.633027315139770508e-01
9.713302850723266602e-01
9.736238718032836914e-01
9.747706651687622070e-01
9.724770784378051758e-01
9.782109856605529785e-01
9.610091447830200195e-01
9.644495248794555664e-01
9.621559381484985352e-01
9.816513657569885254e-01
9.713302850723266602e-01
9.827981591224670410e-01
9.655963182449340820e-01
9.667431116104125977e-01
9.575688242912292480e-01
9.564220309257507324e-01
9.816513657569885254e-01
9.759174585342407227e-01
9.782109856605529785e-01
9.782109856605529785e-01
9.770641922950744629e-01
9.701834917068481445e-01
9.621559381484985352e-01
9.759174585342407227e-01
9.839449524879455566e-01
9.805045723915100098e-01
9.759174585342407227e-01
9.793577790260314941e-01
9.816513657569885254e-01
9.747706651687622070e-01
9.782109856605529785e-01
9.747706651687622070e-01
9.759174585342407227e-01
9.747706651687622070e-01
9.862385392189025879e-01
9.724770784378051758e-01
9.518348574638366699e-01
9.541284441947937012e-01
9.770641922950744629e-01
9.690366983413696289e-01
9.827981591224670410e-01
9.839449524879455566e-01
9.885321259498596191e-01
9.724770784378051758e-01
9.701834917068481445e-01
9.827981591224670410e-01
9.667431116104125977e-01
9.724770784378051758e-01
9.827981591224670410e-01
9.816513657569885254e-01
9.713302850723266602e-01
9.782109856605529785e-01
9.850917458534240723e-01
9.839449524879455566e-01
9.713302850723266602e-01
9.655963182449340820e-01
9.793577790260314941e-01
9.782109856605529785e-01
9.827981591224670410e-01
9.839449524879455566e-01
9.805045723915100098e-01
9.816513657569885254e-01
9.747706651687622070e-01
9.793577790260314941e-01
9.655963182449340820e-01
9.770641922950744629e-01
9.793577790260314941e-01
9.896789193153381348e-01
9.896789193153381348e-01
9.805045723915100098e-01
9.747706651687622070e-01
9.633027315139770508e-01
9.564220309257507324e-01
9.713302850723266602e-01
9.678899049758911133e-01
9.713302850723266602e-01
9.759174585342407227e-01
9.862385392189025879e-01
9.862385392189025879e-01
9.919725060462951660e-01
9.873853325843811035e-01
9.862385392189025879e-01
9.931192398071289062e-01
9.896789193153381348e-01
9.782109856605529785e-01
9.782109856605529785e-01
9.816513657569885254e-01
9.862385392189025879e-01
9.805045723915100098e-01
9.850917458534240723e-01
9.862385392189025879e-01
9.839449524879455566e-01
9.850917458534240723e-01
9.839449524879455566e-01
9.873853325843811035e-01
9.850917458534240723e-01
9.885321259498596191e-01
9.770641922950744629e-01
9.827981591224670410e-01
9.816513657569885254e-01
9.759174585342407227e-01
9.736238718032836914e-01
9.621559381484985352e-01
9.873853325843811035e-01
9.805045723915100098e-01
9.873853325843811035e-01
9.816513657569885254e-01
9.839449524879455566e-01
9.850917458534240723e-01
9.827981591224670410e-01
9.793577790260314941e-01
9.908257126808166504e-01
9.931192398071289062e-01
9.873853325843811035e-01
9.827981591224670410e-01
9.862385392189025879e-01
9.839449524879455566e-01
9.850917458534240723e-01
9.827981591224670410e-01
9.782109856605529785e-01
9.827981591224670410e-01
9.782109856605529785e-01
9.793577790260314941e-01
9.805045723915100098e-01
9.839449524879455566e-01
9.942660331726074219e-01
9.839449524879455566e-01
9.850917458534240723e-01
9.908257126808166504e-01
9.827981591224670410e-01
9.873853325843811035e-01
9.885321259498596191e-01
9.896789193153381348e-01
9.908257126808166504e-01
9.862385392189025879e-01
9.885321259498596191e-01
9.839449524879455566e-01
9.827981591224670410e-01
9.759174585342407227e-01
9.805045723915100098e-01
9.839449524879455566e-01
9.862385392189025879e-01
9.816513657569885254e-01
9.747706651687622070e-01
9.782109856605529785e-01
9.862385392189025879e-01
9.839449524879455566e-01
9.862385392189025879e-01
9.850917458534240723e-01
9.839449524879455566e-01
9.885321259498596191e-01
9.862385392189025879e-01
9.839449524879455566e-01
9.827981591224670410e-01
9.827981591224670410e-01
9.839449524879455566e-01
9.805045723915100098e-01
9.942660331726074219e-01
9.873853325843811035e-01
9.736238718032836914e-01
9.782109856605529785e-01
9.736238718032836914e-01
9.805045723915100098e-01
9.805045723915100098e-01
9.736238718032836914e-01
9.839449524879455566e-01
9.908257126808166504e-01
9.873853325843811035e-01
9.942660331726074219e-01
9.839449524879455566e-01
9.827981591224670410e-01
9.805045723915100098e-01
9.793577790260314941e-01
9.770641922950744629e-01
9.908257126808166504e-01
9.850917458534240723e-01
9.827981591224670410e-01
9.931192398071289062e-01
9.862385392189025879e-01
9.885321259498596191e-01
9.873853325843811035e-01
9.839449524879455566e-01
9.805045723915100098e-01
9.770641922950744629e-01
9.793577790260314941e-01
9.816513657569885254e-01
9.896789193153381348e-01
9.862385392189025879e-01
9.862385392189025879e-01
9.862385392189025879e-01
9.873853325843811035e-01
9.908257126808166504e-01
9.942660331726074219e-01
9.931192398071289062e-01
9.908257126808166504e-01
9.954128265380859375e-01
9.908257126808166504e-01
9.931192398071289062e-01
9.931192398071289062e-01
9.954128265380859375e-01
9.931192398071289062e-01
9.885321259498596191e-01
9.885321259498596191e-01
9.873853325843811035e-01
9.942660331726074219e-01
9.908257126808166504e-01
9.839449524879455566e-01
9.816513657569885254e-01
9.827981591224670410e-01
9.908257126808166504e-01
9.908257126808166504e-01
9.919725060462951660e-01
9.862385392189025879e-01
9.896789193153381348e-01
9.873853325843811035e-01
9.827981591224670410e-01
9.610091447830200195e-01
9.644495248794555664e-01
9.839449524879455566e-01
9.862385392189025879e-01
9.816513657569885254e-01
9.862385392189025879e-01
9.873853325843811035e-01
9.885321259498596191e-01
9.885321259498596191e-01
9.931192398071289062e-01
9.873853325843811035e-01
9.908257126808166504e-01
9.862385392189025879e-01
9.896789193153381348e-01
9.919725060462951660e-01
9.931192398071289062e-01
9.908257126808166504e-01
9.873853325843811035e-01
9.885321259498596191e-01
9.908257126808166504e-01
9.896789193153381348e-01
9.896789193153381348e-01
9.919725060462951660e-01
9.908257126808166504e-01
9.931192398071289062e-01
9.919725060462951660e-01
9.896789193153381348e-01
9.919725060462951660e-01
9.919725060462951660e-01
9.919725060462951660e-01
9.896789193153381348e-01
9.919725060462951660e-01
9.954128265380859375e-01
9.942660331726074219e-01
9.919725060462951660e-01
9.931192398071289062e-01
9.896789193153381348e-01
9.850917458534240723e-01
9.885321259498596191e-01
9.873853325843811035e-01
9.942660331726074219e-01
9.908257126808166504e-01
9.885321259498596191e-01
9.896789193153381348e-01
9.873853325843811035e-01
9.896789193153381348e-01
9.931192398071289062e-01
9.965596199035644531e-01
9.896789193153381348e-01
9.850917458534240723e-01
9.839449524879455566e-01
9.816513657569885254e-01
9.850917458534240723e-01
9.965596199035644531e-01
9.908257126808166504e-01
9.908257126808166504e-01
9.954128265380859375e-01
9.908257126808166504e-01
9.908257126808166504e-01
9.908257126808166504e-01
9.931192398071289062e-01
9.885321259498596191e-01
9.862385392189025879e-01
9.839449524879455566e-01
9.816513657569885254e-01
9.850917458534240723e-01
9.621559381484985352e-01
9.644495248794555664e-01
9.839449524879455566e-01
9.736238718032836914e-01
9.782109856605529785e-01
9.850917458534240723e-01
9.827981591224670410e-01
9.896789193153381348e-01
9.908257126808166504e-01
9.850917458534240723e-01
9.827981591224670410e-01
9.885321259498596191e-01
9.908257126808166504e-01
9.873853325843811035e-01
9.896789193153381348e-01
9.908257126808166504e-01
9.919725060462951660e-01
9.965596199035644531e-01
9.931192398071289062e-01
9.977064132690429688e-01
9.942660331726074219e-01
9.896789193153381348e-01
9.931192398071289062e-01
9.896789193153381348e-01
9.896789193153381348e-01
9.977064132690429688e-01
9.919725060462951660e-01
9.908257126808166504e-01
9.931192398071289062e-01
9.885321259498596191e-01
9.873853325843811035e-01
9.977064132690429688e-01
9.954128265380859375e-01
9.977064132690429688e-01
9.954128265380859375e-01
9.942660331726074219e-01
9.827981591224670410e-01
9.805045723915100098e-01
9.713302850723266602e-01
9.793577790260314941e-01
9.908257126808166504e-01
9.919725060462951660e-01
9.919725060462951660e-01
9.885321259498596191e-01
9.954128265380859375e-01
9.942660331726074219e-01
9.919725060462951660e-01
9.942660331726074219e-01
9.862385392189025879e-01
9.850917458534240723e-01
9.896789193153381348e-01
9.919725060462951660e-01
9.862385392189025879e-01
9.827981591224670410e-01
9.896789193153381348e-01
9.885321259498596191e-01
9.896789193153381348e-01
9.919725060462951660e-01
9.919725060462951660e-01
9.977064132690429688e-01
9.988532066345214844e-01
9.977064132690429688e-01
9.965596199035644531e-01
9.977064132690429688e-01
9.977064132690429688e-01
9.931192398071289062e-01
9.954128265380859375e-01
9.885321259498596191e-01
9.839449524879455566e-01
9.850917458534240723e-01
9.965596199035644531e-01
9.896789193153381348e-01
9.942660331726074219e-01
9.942660331726074219e-01
